{
    "imu": {
        "gxstaticbias": 0,
        "gystaticbias": 0,
        "gzstaticbias": 0,
        "axstaticbias": 0,
        "aystaticbias": 0,
        "azstaticbias": 0,
        "gxstdthr": 0.0030000000000000001,
        "gystdthr": 0.0030000000000000001,
        "gzstdthr": 0.0030000000000000001,
        "axstdthr": 0.01,
        "aystdthr": 0.01,
        "azstdthr": 0.01,
        "gxnoise": 0.025000000000000001,
        "gynoise": 0.025000000000000001,
        "gznoise": 0.025000000000000001,
        "axnoise": 0.0015,
        "aynoise": 0.0015,
        "aznoise": 0.0015,
        "gxstability": 3.5,
        "gystability": 3.5,
        "gzstability": 3.5,
        "axstability": 2.0000000000000002e-05,
        "aystability": 2.0000000000000002e-05,
        "azstability": 2.0000000000000002e-05,
        "gxshaft": 0,
        "gyshaft": 1,
        "gzshaft": 2,
        "axshaft": 0,
        "ayshaft": 1,
        "azshaft": 2,
        "rightleverx": 0,
        "rightlevery": 0,
        "rightleverz": 0,
        "leftleverx": 0,
        "leftlevery": 0,
        "leftleverz": 0
    },
    "gnss": {
        "yawstdthr": 1,
        "yawvar": 0.5,
        "rollstdthr": 1
    },
    "install": {
        "roll": 0,
        "pitch": 0
    }
}